@/auto_mirror
v/0 0 0 1 / 0 0 0 1
v/-1 -1  1 1 / 1.0 1.0 1.0 0.5
v/-1  1  1 1 / 1.0 1.0 1.0 0.5
v/ 1  1  1 1 / 1.0 1.0 1.0 0.5
v/ 1 -1  1 1 / 1.0 1.0 1.0 0.5
v/-1 -1 -1 1 / 1.0 1.0 1.0 0.5
v/-1  1 -1 1 / 1.0 1.0 1.0 0.5
v/ 1  1 -1 1 / 1.0 1.0 1.0 0.5
v/ 1 -1 -1 1 / 1.0 1.0 1.0 0.5

v/ 1  0  0 1 / 0 0 0 0.25
v/-1  0  0 1 / 0 0 0 0.25
v/ 0  1  0 1 / 0 0 0 0.25
v/ 0 -1  0 1 / 0 0 0 0.25
v/ 0  0  1 1 / 0 0 0 0.25
v/ 0  0 -1 1 / 0 0 0 0.25

#f/1 2 6 5
f/2 10 1
f/6 10 2
f/5 10 6
f/1 10 5

#f/1 5 8 4
f/5 12 1
f/8 12 5
f/4 12 8
f/1 12 4

#f/1 4 3 2
f/4 13 1
f/3 13 4
f/2 13 3
f/1 13 2

#f/2 3 7 6
f/3 11 2
f/7 11 3
f/6 11 7
f/2 11 6

#f/3 4 8 7
f/4 9 3
f/8 9 4
f/7 9 8
f/3 9 7

#f/5 6 7 8
f/6 14 5
f/7 14 6
f/8 14 7
f/5 14 8
