@/auto_mirror
v/0 0 0 1 / 0 0 0 1
v/-0.57735027 -0.57735027  0.57735027 1 / 2 1 1 0.5
v/-0.57735027  0.57735027  0.57735027 1 / 2 1 1 0.5
v/ 0.57735027  0.57735027  0.57735027 1 / 2 1 1 0.5
v/ 0.57735027 -0.57735027  0.57735027 1 / 2 1 1 0.5
v/-0.57735027 -0.57735027 -0.57735027 1 / 2 1 1 0.5
v/-0.57735027  0.57735027 -0.57735027 1 / 2 1 1 0.5
v/ 0.57735027  0.57735027 -0.57735027 1 / 2 1 1 0.5
v/ 0.57735027 -0.57735027 -0.57735027 1 / 2 1 1 0.5
f/1 2 6 5
f/1 5 8 4
f/1 4 3 2
f/2 3 7 6
f/3 4 8 7
f/5 6 7 8
